Namespace(data_dir='/groups1/gcc50533/acc12015ij/dataset/', dry_run=False, prefix='test_run_without_fractalDB')
Files already downloaded and verified
Files already downloaded and verified
Using downloaded and verified file: /groups1/gcc50533/acc12015ij/dataset/test_32x32.mat
MLE_3
	MNIST
		11.595624832968754	0.026362895965576172
		10.750475069030104	0.005520820617675781
		11.335911618704696	0.005395174026489258
		10.143136847241335	0.0053863525390625
		10.02286975098443	0.005378007888793945
		10.406183388473005	0.005353212356567383
		10.788445758718337	0.005539655685424805
		10.359896314464944	0.00542449951171875
		10.25320698043547	0.005441188812255859
		10.397566696912552	0.005491971969604492
		10.685844227557473	0.02077460289001465
		9.27585660181437	0.014759540557861328
		9.40887857716672	0.013938188552856445
		9.556057679201485	0.014212369918823242
		9.507162749379633	0.01404428482055664
		9.8777602965865	0.014030694961547852
		9.595115186573695	0.013814449310302734
		9.129008037990396	0.01413726806640625
		9.427890503331485	0.014050006866455078
		9.614119429194812	0.014075756072998047
		10.085409022854245	0.03622102737426758
		9.825055257908687	0.031210899353027344
		10.359858556558336	0.03236031532287598
		9.894254688485143	0.03229188919067383
		9.501287063215758	0.03415489196777344
		9.853598938563856	0.030262231826782227
		10.048791644495587	0.029759645462036133
		9.645708684878349	0.030673503875732422
		10.414973561570614	0.030083179473876953
		9.611232939195952	0.03003525733947754
		10.42470602509393	0.0780177116394043
		10.647333229572824	0.07526803016662598
		10.472382516909859	0.07497096061706543
		10.259295000927812	0.07276606559753418
		10.132241703117217	0.07416439056396484
		10.455344046521608	0.06870794296264648
		10.368463846328389	0.07258367538452148
		10.381338365364984	0.07309746742248535
		10.517155884668522	0.0712900161743164
		10.221613459552692	0.07961440086364746
		10.916555478362657	0.2149946689605713
		10.841819511035267	0.20116329193115234
		10.878275911592189	0.20175504684448242
		11.099547236686478	0.20592713356018066
		10.967156406262957	0.20423150062561035
		10.833474785227905	0.20910954475402832
		10.980322048766729	0.20624279975891113
		10.959706384353296	0.20963001251220703
		10.872247742834253	0.20232033729553223
		11.067979238796337	0.20297551155090332
		11.44272617700697	0.7822253704071045
		11.437994149739366	0.7949471473693848
		11.323175793916308	0.8375308513641357
		11.447496756604872	0.8382408618927002
		11.528712322973387	0.8539297580718994
		11.430842818835385	0.8389043807983398
		11.453895402122537	0.8562517166137695
		11.428083168427987	0.7995879650115967
		11.449424292468285	0.8242557048797607
		11.49331696221954	0.845421314239502
		11.84957239386369	3.1413516998291016
		11.84957239386369	3.1704633235931396
		11.84957239386369	3.2742972373962402
		11.84957239386369	3.188382863998413
		11.84957239386369	3.135155439376831
		11.84957239386369	3.2947208881378174
		11.84957239386369	3.2064261436462402
		11.84957239386369	3.1744589805603027
		11.849572393863689	3.0248396396636963
		11.84957239386369	2.933300256729126
	CIFAR10
		9.112524955740481	0.00704646110534668
		10.389513467926083	0.007681131362915039
		9.20531617513267	0.0075151920318603516
		9.688097238197354	0.007455587387084961
		9.547408918880182	0.007498741149902344
		9.782440988745254	0.007477283477783203
		9.08810465683278	0.007552623748779297
		10.64447729387444	0.007513284683227539
		8.911621041493545	0.007525205612182617
		10.743781232899758	0.007487297058105469
		12.31114383166884	0.022164344787597656
		12.269419805756776	0.021810054779052734
		12.286292765438299	0.02188873291015625
		12.844598957860368	0.022062301635742188
		12.681736298997391	0.021693944931030273
		12.728228597549272	0.022197723388671875
		12.87741603635409	0.02171039581298828
		12.462670062231371	0.021956443786621094
		12.989866094687931	0.022061824798583984
		13.573137509134172	0.021944761276245117
		14.570083292359865	0.05287456512451172
		14.451761229036112	0.05302119255065918
		14.901937272484025	0.06291079521179199
		14.361124636511017	0.054090261459350586
		14.26908420023833	0.05310344696044922
		15.172864089009003	0.05309104919433594
		14.805618002154342	0.05275464057922363
		14.693482900980111	0.0527188777923584
		14.644856228687114	0.052922964096069336
		14.580376107730942	0.053000688552856445
		17.099976100856388	0.14158987998962402
		17.158130961228853	0.14122939109802246
		16.664191908613354	0.14293766021728516
		17.282363459532824	0.14259958267211914
		17.04882607546809	0.14362215995788574
		17.40887051130527	0.13788723945617676
		17.144701077323322	0.14030194282531738
		17.160898745521553	0.13897180557250977
		16.719730259062718	0.1397874355316162
		16.660312283673026	0.14040493965148926
		19.23106343865031	0.4480574131011963
		19.243460552977453	0.43769216537475586
		19.177140553287817	0.44228625297546387
		19.136139318580124	0.44110774993896484
		19.353885012465383	0.44184350967407227
		18.961101181691724	0.4562258720397949
		18.950136146679696	0.4412953853607178
		19.310594823008596	0.4402592182159424
		18.95808667734572	0.46202683448791504
		19.354052024488244	0.45821237564086914
		22.009129972345203	2.00624418258667
		22.240299632825234	1.9668598175048828
		21.865053807536277	1.9866139888763428
		22.07541277481037	2.04911208152771
		22.157529566831258	1.9785306453704834
		21.927978424102104	1.9897220134735107
		22.264366117847718	1.9776341915130615
		22.117115934299715	1.9768075942993164
		21.998894785291586	1.986170768737793
		22.326523721918598	1.98250412940979
		24.2329106877704	7.526475667953491
		24.232910687770396	7.479626655578613
		24.232910687770396	7.3482935428619385
		24.2329106877704	7.280370473861694
		24.232910687770396	7.738476037979126
		24.2329106877704	7.247085809707642
		24.232910687770396	7.240220785140991
		24.232910687770396	7.371406555175781
		24.232910687770396	7.430232763290405
		24.232910687770396	7.374990940093994
	CIFAR100
		9.09873338195386	0.012063264846801758
		8.480077814839508	0.00757288932800293
		9.458365638669173	0.007604122161865234
		9.127616482616848	0.007488250732421875
		9.5553368821592	0.007439374923706055
		9.359407685426902	0.007494211196899414
		10.481114945690562	0.007826089859008789
		9.404048339488524	0.007590293884277344
		9.096780051113928	0.007520198822021484
		9.369861412905829	0.007495880126953125
		11.365030201491791	0.025676965713500977
		11.777542685720569	0.024283885955810547
		12.453093184927035	0.022385120391845703
		12.144106437760453	0.022043228149414062
		12.461046573622566	0.021793127059936523
		11.952795117661658	0.02191448211669922
		11.930242489233105	0.022135496139526367
		11.206492442468512	0.02193474769592285
		12.32535543270557	0.021948814392089844
		11.397143245986749	0.021970510482788086
		13.959023841033927	0.05810713768005371
		13.895507680304789	0.052788734436035156
		13.03753190685271	0.05288076400756836
		13.695605321409838	0.052633047103881836
		13.257059098313544	0.05299520492553711
		14.445049523522238	0.05233263969421387
		13.493431351741801	0.057451486587524414
		13.523425363193699	0.054415225982666016
		13.470977704826504	0.05369067192077637
		13.281373947630813	0.054242849349975586
		15.73969179752514	0.1459484100341797
		15.576521437721157	0.14563441276550293
		15.813807077906356	0.14526009559631348
		15.571516204789637	0.14368724822998047
		15.358502723722047	0.14583706855773926
		15.744180645289967	0.14531803131103516
		15.445263597365686	0.1433103084564209
		16.032340377350014	0.14046883583068848
		15.466077425069424	0.13741636276245117
		15.7215878180339	0.1377549171447754
		17.42401153092914	0.4466876983642578
		17.313966902828216	0.4494287967681885
		17.31313055952408	0.4390292167663574
		17.533641401107772	0.43837547302246094
		17.40067926406405	0.43849802017211914
		17.969741445308475	0.4521677494049072
		17.86587818641883	0.43728137016296387
		17.28781323513069	0.43764781951904297
		17.16871212388178	0.4432847499847412
		17.635760443068786	0.438809871673584
		19.581364067063387	1.9634556770324707
		19.57161043146674	2.002974033355713
		19.905085180094048	2.031057119369507
		20.044309799316075	2.002345085144043
		19.8754326320671	1.9800536632537842
		19.48589808562414	1.9585528373718262
		19.734337057931473	1.98496675491333
		19.45576219884719	1.9454154968261719
		19.620760036695078	1.9851386547088623
		19.80857952981963	1.967005968093872
		21.272020288682658	7.061192274093628
		21.272020288682658	7.437743902206421
		21.27202028868266	7.2815680503845215
		21.272020288682658	7.458679914474487
		21.272020288682658	7.619240999221802
		21.272020288682658	7.5074403285980225
		21.27202028868266	7.507460355758667
		21.272020288682658	7.347447156906128
		21.272020288682658	7.444776773452759
		21.272020288682658	7.446251153945923
	SVHN
		6.121322741723813	0.01568770408630371
		5.8062605310943844	0.00759434700012207
		6.50039314480823	0.007454872131347656
		5.823454577809176	0.00750732421875
		5.766038152505748	0.0074765682220458984
		5.347833569969529	0.007532358169555664
		5.42804150816114	0.007570743560791016
		5.818013526371923	0.00751948356628418
		5.4984086522106645	0.0074918270111083984
		5.193074864022286	0.0075244903564453125
		8.08844781316407	0.025730371475219727
		8.367615876670456	0.02375173568725586
		8.68731693673321	0.022011756896972656
		8.2331717560604	0.02205824851989746
		8.817603367232094	0.022263050079345703
		8.78315067485843	0.022073030471801758
		8.576929916739163	0.02185535430908203
		8.181323893743503	0.021929025650024414
		8.32423068814509	0.02167224884033203
		8.409720309825456	0.022226810455322266
		10.287521966729518	0.0568695068359375
		10.638208735591467	0.05429363250732422
		10.605255673824399	0.05280423164367676
		10.590875394957578	0.051940202713012695
		10.380929542439377	0.053885459899902344
		10.351955527095692	0.05380535125732422
		10.536086582096521	0.05353260040283203
		10.710119354138333	0.05306863784790039
		10.603388545027672	0.05284523963928223
		10.202380378092629	0.05350208282470703
		12.288328212634749	0.1419823169708252
		12.054705137582191	0.14290761947631836
		12.157836600391093	0.13846898078918457
		12.089396074390162	0.1398918628692627
		12.132728960519815	0.14082932472229004
		12.253198657777775	0.13876795768737793
		12.312600187082607	0.14185094833374023
		12.231679823612183	0.14064311981201172
		12.090239696523634	0.14172911643981934
		12.110955231869864	0.1412198543548584
		13.740724319702062	0.44449830055236816
		13.61486386317705	0.4434781074523926
		13.643132574026058	0.4422297477722168
		13.622314200666633	0.44044065475463867
		13.51509802424173	0.4419715404510498
		13.645815504629569	0.44576001167297363
		13.584782198964634	0.4444751739501953
		13.608683328259351	0.4520130157470703
		13.735624462899722	0.47194647789001465
		13.424352250566287	0.44518399238586426
		15.619571686516117	1.9761621952056885
		15.464880479217678	1.9845860004425049
		15.457304576001079	1.996957540512085
		15.507884910720321	1.9593188762664795
		15.366739903788377	1.9762887954711914
		15.585838789921876	1.92716646194458
		15.502760546205685	1.988133430480957
		15.39684970358936	1.9541926383972168
		15.591060488400196	1.954702615737915
		15.445018162217723	1.9650001525878906
		16.750183416246653	7.279211521148682
		16.640605882957555	7.499519109725952
		16.706751896825068	7.5885329246521
		16.691154440717	7.363984823226929
		16.60396590289103	7.225305557250977
		16.640318883535823	7.542124271392822
		16.670843307151394	7.445003509521484
		16.547336074550124	7.257372617721558
		16.661034873661396	7.340623140335083
		16.813185628566295	7.4002063274383545
	ImageNet
		11.658843902807446	0.41266560554504395
		11.637057687041738	0.4091153144836426
		11.94398716197324	0.4120292663574219
		10.690256906381197	0.4111952781677246
		11.684793334521316	0.4126262664794922
		11.074055193895449	0.4221937656402588
		12.067298918013895	0.41931986808776855
		11.519559914684839	0.4219825267791748
		9.968129885277609	0.4180738925933838
		11.14294375327905	0.4130897521972656
		14.589845855208942	1.0247972011566162
		15.202430791808526	1.0246944427490234
		13.94478600496573	1.0227077007293701
		14.29580495963995	1.0236458778381348
		14.466484765981214	1.0341455936431885
		14.85167884161118	1.0292470455169678
		14.58173688959587	1.0181465148925781
		14.657409729119566	1.0423541069030762
		13.409979191380035	1.0271005630493164
		16.713104194529155	1.0351214408874512
		16.31033671070132	3.0396475791931152
		15.896103113125323	3.0437264442443848
		16.083760209808318	3.1405322551727295
		17.16473470388814	3.0375139713287354
		15.932267108719321	3.090752601623535
		15.977525322413074	3.0484650135040283
		17.055693062773802	3.0349082946777344
		16.55620932105153	3.0361883640289307
		16.537922161226998	3.0366225242614746
		16.391514648439994	3.097573757171631
		19.447618204748505	7.101225137710571
		18.542938116006997	7.1000940799713135
		19.298749072701654	7.090922594070435
		18.627689591887226	7.169662237167358
		17.91348933661517	7.149484157562256
		20.515502227655826	7.090804100036621
		19.58554591875678	7.1178507804870605
		19.264846510035152	7.059724807739258
		18.856582067493935	7.062246084213257
		19.234985498153897	7.0569069385528564
		21.15865719545857	18.3135347366333
		21.054995852413228	18.21937918663025
		21.187231905285817	18.27371311187744
		22.069804704436176	15.395427227020264
		22.076509330664525	15.140437841415405
		22.30126387314896	15.477641344070435
		22.13297271430942	15.23563814163208
		21.207719775249455	15.35666012763977
		22.173685910144112	15.253836631774902
		20.597294127992786	15.377374649047852
		0.0	65.46687698364258
		25.078746127054174	71.8402030467987
		25.179817891360965	67.84295272827148
		24.367633411024997	67.79791951179504
		24.382235107370693	71.76520252227783
		24.98047770636359	71.68725633621216
		24.86021950836706	71.6043610572815
		0.0	71.88525152206421
		24.3610103215784	71.82760691642761
		24.159846125957408	71.97844195365906
		27.118616699985555	278.8915424346924
		27.303254026137434	284.7635989189148
		27.187273165877848	286.03072476387024
		27.753306374811142	280.0348424911499
		0.0	275.4942376613617
		27.18020236858841	283.148490190506
		27.1571783869367	276.9223473072052
		0.0	283.68295216560364
		0.0	286.32024335861206
		0.0	280.52131152153015
	Fake1kv1
		10.815187747792324	0.5003952980041504
		10.256025596786046	0.41007041931152344
		13.339950553509361	0.41200685501098633
		10.247934419506242	0.41149353981018066
		11.420219043840499	0.41455698013305664
		11.849959940678644	0.4139401912689209
		11.788878719081085	0.4135150909423828
		10.561276531824584	0.4156453609466553
		12.944107113823728	0.40921497344970703
		10.800349338994165	0.412517786026001
		15.114103882614263	1.0382652282714844
		16.30409544000094	1.0058200359344482
		14.621086707464219	1.0508813858032227
		12.489773526430728	1.0103538036346436
		15.458201555417137	1.0222094058990479
		14.310829751699112	1.0192837715148926
		14.078974686059208	1.0025317668914795
		15.203124754409679	1.0105328559875488
		14.479924744386063	1.0033082962036133
		13.854426291022646	1.0118811130523682
		15.951208428532375	2.174933910369873
		16.69795368765044	2.1940102577209473
		15.936188895835826	2.149449348449707
		16.0928708479494	2.1546244621276855
		15.531501064624834	2.163741111755371
		16.190059389250404	2.1604907512664795
		16.477610241317652	2.1548423767089844
		17.189628502171857	2.1832501888275146
		16.39902153828704	2.155910015106201
		16.065752481856432	2.161003351211548
		18.368723459063048	5.353976249694824
		18.691111858675924	5.387102127075195
		18.99210529617973	5.403343915939331
		17.757702061149526	5.3924524784088135
		18.062418798242224	5.3996782302856445
		18.61906508947661	5.513499021530151
		17.705321830939802	5.352880954742432
		18.591870246645286	5.363374948501587
		19.639530418637726	5.4054460525512695
		18.203223352607417	5.440521955490112
		20.081423829548463	15.177056550979614
		20.993653098986357	15.215955972671509
		21.15213059344751	15.134652137756348
		20.924958676598067	15.287298679351807
		20.51432502731766	15.139162540435791
		20.012850347108806	15.20529294013977
		20.746876623120794	15.196955442428589
		21.732196787621564	15.145689487457275
		21.339223608438413	15.30178689956665
		20.884185394598546	15.142178297042847
		23.238289264107774	66.46923160552979
		23.448949330804943	65.80903816223145
		23.71998955924632	67.42177104949951
		23.255053758344353	67.4410469532013
		23.92772126870014	67.53496432304382
		23.29162315114719	65.30119562149048
		23.918888109389627	65.14652132987976
		23.911524907333746	65.5799708366394
		23.459189120093605	67.02503252029419
		23.784190276965457	65.2235496044159
		25.548506970904572	277.8745491504669
		25.936572795338623	279.2514111995697
		25.819872350170886	282.83564472198486
		26.05593141356514	278.1915717124939
		25.85726961741424	281.95612239837646
		25.749896384719793	281.3021652698517
		26.89135192785275	274.9646990299225
		26.608778217776806	274.97014474868774
		25.980372553406212	275.0013074874878
		25.838129839955506	283.3606345653534
MLE_5
	MNIST
		10.520169491493146	0.006192684173583984
		9.449506185595725	0.005730867385864258
		11.636545086969235	0.0055997371673583984
		10.10934710663652	0.005583524703979492
		10.69776667907691	0.00565648078918457
		10.611207732795428	0.00555729866027832
		10.598169188655326	0.005567073822021484
		10.63547368080574	0.0055692195892333984
		10.739078893177615	0.0056002140045166016
		9.885805930194971	0.0056438446044921875
		10.220717397351264	0.014862775802612305
		10.39454249402674	0.01409459114074707
		9.715841815321044	0.014322757720947266
		9.262820579486892	0.014211177825927734
		9.430509758295711	0.014012813568115234
		8.831639940824997	0.014287471771240234
		9.972380482228631	0.013597726821899414
		9.276636615980554	0.013291597366333008
		9.276048653105292	0.013512134552001953
		8.800466409686921	0.013720989227294922
		10.012219822565008	0.03145241737365723
		9.69080595361076	0.03167605400085449
		10.566535490569077	0.03185272216796875
		9.640492808413338	0.03157639503479004
		10.383598454390471	0.03216671943664551
		10.135706370834166	0.03233051300048828
		9.927093860343142	0.03203415870666504
		10.014867999118712	0.03217148780822754
		9.662482943764026	0.03187060356140137
		10.25105175051733	0.03206682205200195
		10.301840116885217	0.07665657997131348
		10.438000911720788	0.0784139633178711
		10.491779239530322	0.07152223587036133
		10.6646189698495	0.07774043083190918
		10.493756408246568	0.07680320739746094
		10.18051896906075	0.08209109306335449
		10.444641756111393	0.07591605186462402
		10.054576923096493	0.07863402366638184
		10.530434617880097	0.07641482353210449
		10.397678999698373	0.07306432723999023
		10.803098192972692	0.20518970489501953
		11.000097382079023	0.2062234878540039
		10.97722344764225	0.2029719352722168
		10.8368325574319	0.20665907859802246
		10.868697100339586	0.20600080490112305
		10.9807200851816	0.2100844383239746
		10.830543442640469	0.21220040321350098
		10.86513107836326	0.21026086807250977
		10.86672594418958	0.2030963897705078
		11.047002771681953	0.20632386207580566
		11.448137187363715	0.781329870223999
		11.405834513561604	0.7755849361419678
		11.375383164620505	0.7579832077026367
		11.487432383590734	0.7931849956512451
		11.449766384226121	0.8055355548858643
		11.414236484670285	0.747239351272583
		11.424125242429017	0.7611596584320068
		11.359305071673377	0.7937142848968506
		11.371813229908406	0.7739353179931641
		11.48069772574453	0.7650213241577148
		11.84957239386369	2.9376437664031982
		11.84957239386369	2.9099044799804688
		11.84957239386369	2.940157175064087
		11.84957239386369	2.924603223800659
		11.84957239386369	2.9487898349761963
		11.84957239386369	2.796513795852661
		11.84957239386369	2.9736690521240234
		11.84957239386369	2.8511805534362793
		11.84957239386369	2.843611240386963
		11.84957239386369	2.9072916507720947
	CIFAR10
		9.502898913269915	0.007119894027709961
		9.437194096555945	0.00755620002746582
		10.352041505058658	0.007512092590332031
		9.380498256914438	0.0056247711181640625
		9.484659539451597	0.007576942443847656
		9.006670131458124	0.0076596736907958984
		10.48872549737126	0.007490873336791992
		9.671863841690584	0.007432222366333008
		9.113173998226912	0.007544517517089844
		8.594337155304416	0.007430315017700195
		12.517594236009952	0.022037744522094727
		12.462800542354227	0.02197742462158203
		11.758293348406088	0.022240400314331055
		12.788895427440192	0.021912336349487305
		12.369029953251177	0.021869421005249023
		12.707823595843896	0.02175164222717285
		11.92450179924542	0.02177739143371582
		12.544146428820294	0.0220034122467041
		11.25943842285751	0.022024154663085938
		12.305755773620445	0.021841049194335938
		15.359620668743213	0.05445218086242676
		14.72542296789073	0.05408954620361328
		14.74164565356871	0.054585933685302734
		14.584138563821114	0.054612159729003906
		15.1270607102424	0.054967403411865234
		15.113163401607592	0.05237388610839844
		14.885156789488997	0.05343294143676758
		14.520365010447584	0.05288577079772949
		15.250987605245042	0.053804874420166016
		14.418106747326254	0.053442955017089844
		17.16980679060803	0.14331364631652832
		16.65429457862254	0.1381549835205078
		16.98562717446897	0.14232325553894043
		17.0471599066713	0.14338326454162598
		17.046887776037888	0.14165782928466797
		16.623293684332367	0.14359569549560547
		16.88845769579685	0.14447832107543945
		16.508114461061073	0.14293503761291504
		17.116372480350783	0.13979887962341309
		17.00874977356546	0.1405014991760254
		19.916041007141672	0.43850159645080566
		18.634313482854825	0.4311819076538086
		18.970493883507594	0.43787312507629395
		19.368643871997016	0.4452834129333496
		19.447839099919285	0.4372067451477051
		19.552564890931233	0.4401271343231201
		19.29230804267678	0.43620753288269043
		19.474450587945157	0.4441967010498047
		19.11837844880218	0.4406864643096924
		18.88017690588797	0.44092583656311035
		21.946891694110015	1.9217164516448975
		22.08453338233493	2.0067636966705322
		21.942355810653734	1.9473106861114502
		22.0182488391546	1.9177536964416504
		21.8978897601312	1.8822903633117676
		22.15050946698706	1.8937513828277588
		21.921380017948792	1.925701379776001
		22.09032278099601	1.8775694370269775
		21.969078627483114	1.8991172313690186
		22.044920387760904	1.8622710704803467
		24.2329106877704	7.168346405029297
		24.232910687770396	7.176130294799805
		24.232910687770396	7.117414474487305
		24.232910687770396	7.107889890670776
		24.232910687770396	6.758708238601685
		24.232910687770396	7.089822053909302
		24.232910687770396	7.047751188278198
		24.232910687770396	7.061678886413574
		24.232910687770396	6.8564453125
		24.232910687770396	7.134251117706299
	CIFAR100
		9.410483392160899	0.0070934295654296875
		9.247596022392285	0.0075266361236572266
		9.76038746946331	0.0074770450592041016
		8.718751665491371	0.0074498653411865234
		10.434505178540542	0.007560253143310547
		9.081310226592505	0.007518768310546875
		8.838842780883384	0.007476091384887695
		8.869219041418855	0.007448911666870117
		10.57520047813146	0.007574319839477539
		9.573793116268368	0.007467031478881836
		12.026272467184791	0.022143125534057617
		12.998451192476283	0.02191472053527832
		12.174435325455987	0.022553682327270508
		12.094743033211055	0.022305965423583984
		11.60184460332337	0.022403717041015625
		12.22957678982764	0.021966934204101562
		12.681757906893038	0.022105693817138672
		11.468535460687267	0.022431612014770508
		12.052742489002293	0.02190685272216797
		12.903029030490881	0.021857023239135742
		13.596839325522154	0.053020477294921875
		13.73002375205036	0.053041934967041016
		14.179895722734685	0.05319929122924805
		14.423012740416038	0.05368781089782715
		14.06556910969352	0.052919626235961914
		14.364607029254516	0.05373692512512207
		12.949891724881027	0.05318260192871094
		13.678851691907159	0.053687095642089844
		13.40069986937501	0.05357050895690918
		13.909853361026393	0.054091453552246094
		15.606495529284341	0.1450819969177246
		15.723856311539521	0.1372206211090088
		15.616842505798276	0.13976550102233887
		15.766664885543781	0.1439368724822998
		15.777183399938405	0.14047574996948242
		15.124991240107747	0.1420612335205078
		15.805278376270813	0.14100861549377441
		15.071936138872642	0.1433267593383789
		16.181412745717264	0.1459510326385498
		15.718624262215798	0.1440105438232422
		17.526331869816502	0.4382505416870117
		17.757136807525015	0.44211244583129883
		17.268034958189638	0.43823862075805664
		17.64161771458141	0.44054245948791504
		17.779365299335296	0.4421236515045166
		17.778557204545383	0.43730950355529785
		17.723663640449917	0.447859525680542
		17.400339524126775	0.4501368999481201
		17.535506072494098	0.45110058784484863
		17.31504611706182	0.44238996505737305
		19.718279372351336	1.9113373756408691
		19.953098759935415	1.8578505516052246
		19.913426858355617	1.906151533126831
		19.749904698400712	1.8725793361663818
		19.78372155811108	1.9371631145477295
		19.965647534463198	1.8738434314727783
		19.705019416670616	1.8486080169677734
		19.857505172671146	1.8850305080413818
		19.604842786546143	1.8385887145996094
		20.270684771586453	1.9113895893096924
		21.272020288682658	7.13637375831604
		21.27202028868266	7.099078893661499
		21.272020288682658	6.733491897583008
		21.272020288682658	7.265064477920532
		21.272020288682658	7.027153730392456
		21.27202028868266	7.090753078460693
		21.272020288682658	6.936979293823242
		21.272020288682658	7.088943958282471
		21.27202028868266	6.903828382492065
		21.272020288682658	6.879158973693848
	SVHN
		6.214565055032134	0.007462263107299805
		5.403757350482071	0.007910013198852539
		5.983077524286089	0.00774073600769043
		5.993207304775813	0.007679462432861328
		5.469314227344161	0.007678985595703125
		6.240829465923114	0.007754325866699219
		5.847036909712068	0.0077593326568603516
		6.035514097959991	0.007676839828491211
		6.200378261094182	0.007660388946533203
		5.802090559199104	0.0076825618743896484
		8.670469590448514	0.022756576538085938
		8.163906648599843	0.02298712730407715
		8.559299771551451	0.022637367248535156
		9.31981825872007	0.02250504493713379
		8.276320547302225	0.02272820472717285
		8.451166508416312	0.022568941116333008
		8.279733527626432	0.022797584533691406
		8.12007787058981	0.02243971824645996
		8.350585441048928	0.02250528335571289
		8.595441171726263	0.021806001663208008
		10.144912193219998	0.053693532943725586
		10.176376288645878	0.05371379852294922
		10.433877616315437	0.05275154113769531
		10.732296413989499	0.05369853973388672
		10.457637156693632	0.0556185245513916
		10.541493736656145	0.054998159408569336
		10.238596581842094	0.05311751365661621
		10.32281061934802	0.05265188217163086
		9.987420900320497	0.053682565689086914
		10.51640329299777	0.053234100341796875
		12.413835325130442	0.14376068115234375
		12.157228493092884	0.14325952529907227
		11.826920953801437	0.14268779754638672
		12.383643571142068	0.14591312408447266
		12.06637306257751	0.14210271835327148
		12.186446650957848	0.1403186321258545
		12.037574002511684	0.14309358596801758
		12.054232410117544	0.14100980758666992
		11.979076992751285	0.14487957954406738
		11.86003433493851	0.14154267311096191
		13.733517163166306	0.44124317169189453
		13.82221050802787	0.44141101837158203
		13.551337060313795	0.44112443923950195
		13.601346509397384	0.4800126552581787
		13.705485983416171	0.4362313747406006
		13.46250376612762	0.44388628005981445
		13.741542523543115	0.4342494010925293
		13.670186317322111	0.43963098526000977
		13.876335104480821	0.44069814682006836
		13.665450264132508	0.4457075595855713
		15.442591619053847	1.8953418731689453
		15.499656210387206	1.879822015762329
		15.540693078843322	1.9343791007995605
		15.504693724454992	1.9063515663146973
		15.582265049440167	1.9047999382019043
		15.542648884253008	1.9018330574035645
		15.641178159175217	1.8756585121154785
		15.441396393522297	1.9298808574676514
		15.445326776255946	1.9816195964813232
		15.472221665140896	1.9399027824401855
		16.75392554840935	7.034472703933716
		16.636886868309485	6.8994691371917725
		16.673403859391417	6.878752708435059
		16.597040078723122	6.939541578292847
		16.61132894413806	6.882310628890991
		16.68224591326104	7.067767381668091
		16.688736581387978	7.0935280323028564
		16.71028423249087	6.914140701293945
		16.718628695584606	7.2097859382629395
		16.623860348274192	6.842846393585205
	ImageNet
		11.247939129085218	0.4184408187866211
		11.829461386155092	0.41582489013671875
		11.669782441220478	0.41113781929016113
		11.286243886717552	0.4263923168182373
		11.660071925340917	0.4104294776916504
		11.328920594621474	0.4122607707977295
		13.438381049003908	0.4113023281097412
		11.365381243787764	0.41294217109680176
		12.842166804374846	0.4113144874572754
		10.834197138732183	0.41231584548950195
		14.871246799151162	1.0061852931976318
		14.273926518464084	1.0100862979888916
		14.791545161242498	1.0096123218536377
		14.529289261036284	1.0091428756713867
		14.09787915691209	1.0153555870056152
		15.204975776178616	1.008730411529541
		14.608787372722059	1.0025320053100586
		14.768457646833086	1.0520155429840088
		14.038226433016938	1.009178876876831
		14.821988227760857	1.004883050918579
		16.20515435352886	2.1646177768707275
		15.408694956800247	2.2304515838623047
		16.4281212668732	2.162116527557373
		17.977602310248315	2.20933198928833
		16.98062969792656	2.1664071083068848
		17.195112300317383	2.164170265197754
		16.619956508089547	2.1582396030426025
		17.772075436819833	2.199395179748535
		15.945272245546636	2.200212001800537
		16.114831840903957	2.1685473918914795
		19.295839649242865	5.503694295883179
		19.45530587045277	5.391523122787476
		18.938882064182913	5.384626388549805
		18.48179517189037	5.427005290985107
		18.553891145916644	5.4320762157440186
		19.805232138762364	5.391534805297852
		19.705819737715473	5.432599782943726
		18.97768732145678	5.41918158531189
		18.801417672046387	5.373532772064209
		19.178071136161964	5.3572163581848145
		21.522765455344725	15.210999727249146
		22.033183093266576	15.098633527755737
		22.065687652527426	15.062711715698242
		22.109421245926573	15.147278070449829
		20.831926234516168	15.247232675552368
		21.24793785077918	15.073257446289062
		21.75292066912384	15.103596687316895
		21.383435960461643	15.078370094299316
		21.424129317428555	15.126180410385132
		20.59208430573928	15.179728984832764
		24.715538303989515	65.73533153533936
		24.841759349618307	65.574134349823
		24.882599036856245	65.60025238990784
		25.402259239475736	65.76820993423462
		25.566389263503357	65.97836470603943
		25.02097617158701	66.00801277160645
		0.0	65.92790603637695
		24.873155309750057	66.00188493728638
		24.241384053719337	65.87253880500793
		24.802114669029333	65.87503862380981
		0.0	278.463059425354
		27.0392514455865	283.42876076698303
		27.406216382705463	283.205584526062
		0.0	278.2751820087433
		0.0	278.50117206573486
		0.0	283.0010681152344
		0.0	278.2703928947449
		27.447505777456076	283.5807583332062
		26.850885691971488	277.742249250412
		27.50678408374456	283.30514430999756
	Fake1kv1
		10.386242783247404	0.42956972122192383
		11.516201748876899	0.41712474822998047
		12.812766395150613	0.412874698638916
		9.900500454796354	0.41310882568359375
		10.925953201925706	0.41179943084716797
		11.025078978139444	0.42911529541015625
		11.76435936715493	0.41226887702941895
		11.899491317788788	0.4129958152770996
		12.033121369895508	0.4199562072753906
		11.434172886235999	0.41840147972106934
		13.392237014648508	1.0073466300964355
		15.468338626124895	1.0047492980957031
		13.342848678145305	1.0208802223205566
		13.838153408641942	1.0122833251953125
		14.1622883369611	1.0058698654174805
		13.588906710422151	1.015188455581665
		14.235122972628092	1.002988576889038
		13.215424995142724	1.0162737369537354
		14.846955726546913	1.012415885925293
		15.138506846853575	1.0141985416412354
		16.112320285454878	2.1695919036865234
		16.428305463736482	2.1590476036071777
		16.115905861697634	2.1732306480407715
		17.645867829866624	2.1862776279449463
		15.117125811188625	2.1604247093200684
		15.911057147388146	2.2887377738952637
		16.25490753627464	2.165553331375122
		16.57916059104609	2.197702169418335
		16.246783634428684	2.1553101539611816
		16.931625664099986	2.168862819671631
		18.09510415625345	5.465966463088989
		18.943758968787982	5.399385452270508
		17.286633885605404	5.413449048995972
		18.705719377924062	5.514902591705322
		18.561230208443103	5.4750189781188965
		19.389835432231045	5.398372173309326
		17.63231626652332	5.5151283740997314
		17.039906646966546	5.419677257537842
		18.726380893725256	5.445318222045898
		17.957060401235438	5.376114130020142
		20.526583122367125	15.311984062194824
		20.4849674402552	15.149806499481201
		19.99818318035928	15.313467502593994
		20.0306855701517	15.14946699142456
		19.92907089982853	15.100819110870361
		21.16390761546314	15.303393840789795
		21.222520754441963	15.097551822662354
		20.90035380526914	15.161786794662476
		20.791840921393998	15.210111141204834
		20.053354163139556	15.14825987815857
		23.698416624039766	66.39772605895996
		23.478663930587437	66.9753098487854
		24.523622414600833	66.5941550731659
		24.205695482037726	66.47035837173462
		23.422040687777763	66.28275227546692
		23.588297089359145	66.2285099029541
		23.209815027208627	66.08089780807495
		24.475021412919496	65.9776394367218
		24.024403146430476	66.11764097213745
		23.709900651629372	65.63322424888611
		25.640829426940574	278.1153221130371
		26.215475752316983	279.26200795173645
		26.102673644156027	276.56394267082214
		26.31910125299971	283.25213408470154
		26.358827667079993	276.7915198802948
		26.296342776174832	277.4739556312561
		26.128292236606136	277.12131690979004
		26.10522387524187	277.9002606868744
		26.44884520289025	277.4725544452667
		26.064936088020875	278.073637008667
MLE_10
	MNIST
		9.329118743539395	0.19975852966308594
		10.35115380364152	0.0054318904876708984
		10.248754497838929	0.005295276641845703
		10.33293300787809	0.005334377288818359
		10.259803193982899	0.0053043365478515625
		9.447259988814737	0.005259275436401367
		10.338121779370708	0.005480289459228516
		10.405430861006025	0.0054209232330322266
		11.472032329427313	0.005362987518310547
		10.181070428772781	0.005342960357666016
		9.947924795395043	0.014571189880371094
		9.414450888030618	0.013623952865600586
		9.240095320127494	0.01362752914428711
		9.883967047834819	0.013537883758544922
		9.315437778519652	0.013597965240478516
		9.63121307233988	0.013507843017578125
		10.095395701574905	0.01344609260559082
		10.458197800869597	0.013664960861206055
		9.178144622447263	0.013331174850463867
		9.095513028486714	0.013447999954223633
		9.788400867445349	0.0310208797454834
		10.282609646830714	0.030287504196166992
		10.006700219546884	0.030092716217041016
		9.7332866960961	0.031052112579345703
		10.255051510432272	0.030930042266845703
		9.63986620730852	0.031041383743286133
		10.472623343840068	0.030756235122680664
		10.160868501811933	0.030779361724853516
		9.825412378778273	0.03034687042236328
		9.53574828194289	0.03070235252380371
		10.576645458513903	0.07411885261535645
		10.597631368318318	0.07477784156799316
		10.49410051864284	0.07150983810424805
		10.47036509190668	0.07524394989013672
		10.319450152854136	0.07300424575805664
		10.323352166605071	0.07441353797912598
		10.354252955763158	0.07642817497253418
		10.418217244536528	0.07659769058227539
		10.324639832612398	0.07498002052307129
		10.357825447941492	0.07703566551208496
		10.661889357253829	0.20180821418762207
		10.648000250833247	0.20162630081176758
		10.64209706477459	0.2039046287536621
		10.851322118021493	0.2038898468017578
		10.857893929450395	0.20198273658752441
		10.730298017604364	0.2032778263092041
		10.620118413606026	0.20202946662902832
		10.733364922892223	0.2019658088684082
		10.943821196412319	0.20073342323303223
		10.832451853684619	0.2021801471710205
		11.488815112278026	0.8118147850036621
		11.44887830472574	0.7386987209320068
		11.35072769528777	0.8119425773620605
		11.45193141698754	0.8136091232299805
		11.429659362953943	0.8057665824890137
		11.48010624177931	0.7711915969848633
		11.495551155437857	0.7900054454803467
		11.461744250270586	0.8015813827514648
		11.531998192308198	0.7966210842132568
		11.354267501027667	0.7469668388366699
		11.84957239386369	2.9121055603027344
		11.84957239386369	2.9912285804748535
		11.84957239386369	2.833871841430664
		11.84957239386369	2.934577703475952
		11.84957239386369	2.8329949378967285
		11.84957239386369	2.8612964153289795
		11.84957239386369	2.8771896362304688
		11.84957239386369	2.8218398094177246
		11.84957239386369	2.9493672847747803
		11.84957239386369	2.8598227500915527
	CIFAR10
		9.234084539699282	0.008049488067626953
		10.302605968034698	0.008126974105834961
		9.53174970917957	0.008583545684814453
		10.101572758151285	0.008023262023925781
		9.610637025844124	0.008061647415161133
		9.720932189895121	0.008208036422729492
		9.762535239525148	0.008140325546264648
		9.848800153513531	0.008220911026000977
		9.683308555220627	0.008282899856567383
		9.443534965202872	0.008191585540771484
		13.049314958007672	0.02418231964111328
		12.597370936818697	0.024915218353271484
		12.22049152066816	0.023812532424926758
		12.423720707676468	0.02398538589477539
		12.271404453725358	0.02264714241027832
		12.57727792296131	0.022271394729614258
		12.672427616922876	0.022775650024414062
		12.318618518642417	0.022232770919799805
		12.50866523613231	0.022171974182128906
		13.00206372170429	0.021938562393188477
		15.136173808653492	0.05326247215270996
		15.0357691552039	0.053946495056152344
		15.039447745865235	0.05301022529602051
		14.468200189251077	0.0532381534576416
		15.2114033032191	0.05347704887390137
		14.311256052887199	0.05402994155883789
		14.417903242388824	0.05346369743347168
		14.807172610690225	0.05353546142578125
		15.108006875193196	0.05331158638000488
		14.355289586142781	0.053659915924072266
		16.9053515687448	0.1449418067932129
		17.285391867439195	0.14049100875854492
		17.135359183283843	0.14408087730407715
		16.643410459367747	0.14079642295837402
		16.419434345711004	0.142592191696167
		16.671194482698724	0.14528560638427734
		17.216756175997435	0.14337611198425293
		17.2979768319933	0.14447832107543945
		17.25217521321106	0.14222025871276855
		16.88799295869247	0.1434953212738037
		19.14628592476458	0.43616461753845215
		19.446835049014425	0.4569203853607178
		19.042635808508763	0.4385230541229248
		19.08091828506275	0.4402883052825928
		19.15253022044148	0.4363126754760742
		18.717005863682175	0.4396352767944336
		19.28873434292523	0.4237327575683594
		19.262854576843495	0.4421086311340332
		19.172781062507433	0.43532681465148926
		19.44516709180534	0.4449028968811035
		22.251233770227238	1.9047014713287354
		22.272338354869092	1.8646936416625977
		21.806789216341414	1.922640085220337
		21.990024187829142	1.9516191482543945
		21.948201486789717	1.9114501476287842
		21.8607835786076	1.9141623973846436
		21.96733210377268	1.8906614780426025
		22.021796466627098	1.8222298622131348
		22.116109853439415	1.9654326438903809
		22.168838476108093	1.9238026142120361
		24.232910687770396	7.029144048690796
		24.232910687770396	7.210022449493408
		24.232910687770396	6.914349555969238
		24.232910687770396	7.001876354217529
		24.232910687770396	7.177575349807739
		24.232910687770396	7.217007875442505
		24.232910687770396	7.018716335296631
		24.232910687770396	7.1859657764434814
		24.232910687770396	7.1104350090026855
		24.232910687770396	7.077857494354248
	CIFAR100
		9.14362676458544	0.0071258544921875
		9.665595557724332	0.007547855377197266
		9.345035226089806	0.007408618927001953
		10.197121437820174	0.00752568244934082
		9.014692283033371	0.0074536800384521484
		9.055775535615844	0.007425069808959961
		8.693172836787705	0.007523298263549805
		8.679977266743217	0.007651090621948242
		10.25786960982196	0.00763392448425293
		9.471748653209742	0.0076296329498291016
		12.031034689837359	0.022055864334106445
		11.484690174588536	0.022188901901245117
		12.047958816091967	0.022492170333862305
		11.704732115602972	0.023216724395751953
		11.374234977765806	0.02207350730895996
		11.735027126700574	0.022107601165771484
		12.467176961362162	0.022144317626953125
		12.180319308065997	0.022080421447753906
		11.726448730509635	0.021960020065307617
		11.478061931112103	0.021989107131958008
		14.767072102860173	0.053917646408081055
		13.316442157436423	0.05380439758300781
		14.501692613569775	0.052834510803222656
		14.35326140841329	0.05437278747558594
		13.58960458079243	0.05344367027282715
		13.507144650893787	0.05302309989929199
		14.199198854421052	0.05324959754943848
		13.764953692562935	0.0531458854675293
		13.771958530396208	0.05320310592651367
		13.63347927373775	0.05332493782043457
		16.178561924395627	0.14264178276062012
		15.227842313743299	0.14276766777038574
		15.410693336025885	0.14272117614746094
		15.845716997550324	0.14494585990905762
		15.289785835789004	0.1395103931427002
		15.763912222236584	0.14354944229125977
		15.551764488604428	0.14420056343078613
		15.409514172339716	0.14259552955627441
		15.250949598643361	0.1416168212890625
		15.166539863913682	0.1430206298828125
		17.79067310099938	0.440279483795166
		17.39970429703263	0.45513129234313965
		17.635968437493904	0.46579957008361816
		17.668774920818095	0.45692920684814453
		17.2277085015999	0.4592311382293701
		17.238381988356817	0.43802309036254883
		17.62571243467815	0.439486026763916
		17.456855113937866	0.44252943992614746
		17.37530475540146	0.48255252838134766
		16.946675082003598	0.4481775760650635
		19.633055868276195	1.9298272132873535
		19.411092554488626	1.884416103363037
		19.884379120800087	1.892967939376831
		19.73460498207823	1.935380220413208
		20.01817476432676	1.8975000381469727
		20.052929759116893	1.9272971153259277
		19.653645392028384	1.9804577827453613
		19.788190056170137	1.929603099822998
		19.73150300857764	1.8830089569091797
		19.951146881690253	1.9313583374023438
		21.272020288682658	7.122933626174927
		21.272020288682658	7.056022882461548
		21.272020288682658	7.151715040206909
		21.272020288682658	6.857096910476685
		21.272020288682658	7.1012163162231445
		21.272020288682658	7.082774877548218
		21.272020288682658	7.347534418106079
		21.272020288682658	7.0811402797698975
		21.272020288682658	6.758131742477417
		21.27202028868266	6.85801362991333
	SVHN
		5.577374124156262	0.007059574127197266
		5.519643359084349	0.007566213607788086
		5.990679866779314	0.007491111755371094
		6.311342597068501	0.0074121952056884766
		6.271416035399357	0.007454872131347656
		5.667420555657689	0.007459402084350586
		5.782029468939126	0.0074977874755859375
		5.363070372906237	0.007467746734619141
		5.612812708946981	0.007451295852661133
		5.5416405815938035	0.007545948028564453
		8.26769522957818	0.022075176239013672
		7.996242034222929	0.02189159393310547
		8.469168153865787	0.022089242935180664
		8.56013599699825	0.022012948989868164
		8.64558797446209	0.02202463150024414
		8.555375232206796	0.02190256118774414
		8.648902449338312	0.022470712661743164
		8.557694629209623	0.02198624610900879
		8.416957670780361	0.02251267433166504
		8.937467355293396	0.021892786026000977
		10.125582892914606	0.0531463623046875
		10.125750777565887	0.05367016792297363
		10.42313468262929	0.05370044708251953
		10.542235258852472	0.0537562370300293
		10.289430394063228	0.053674936294555664
		10.588617806904727	0.05461716651916504
		10.501750386936427	0.05322432518005371
		10.318378462264212	0.055657148361206055
		10.40144338136432	0.053063392639160156
		10.308592297436848	0.0537869930267334
		12.186734193710391	0.14232206344604492
		12.120759868493323	0.14948773384094238
		11.923910451434644	0.14153289794921875
		12.31767333933452	0.14239001274108887
		12.474920108205673	0.14306855201721191
		12.308265376035225	0.14342761039733887
		12.27653466791594	0.1439814567565918
		11.885132555174174	0.14299869537353516
		12.375700347638848	0.14103221893310547
		12.236790106701273	0.14258384704589844
		13.578913099493539	0.43858790397644043
		13.573529513105314	0.43865370750427246
		13.730808924705682	0.4376859664916992
		13.8899336100319	0.4449474811553955
		13.57734849428191	0.4428987503051758
		13.80271055912742	0.4431595802307129
		13.589215211447222	0.4370300769805908
		13.883807498959996	0.4433879852294922
		13.528127236748519	0.43947505950927734
		13.783529107891022	0.44376349449157715
		15.481820105926017	1.9059700965881348
		15.467334748935848	1.8642635345458984
		15.572323067325533	1.8889634609222412
		15.656574826155234	1.9152143001556396
		15.595992238292217	1.9431524276733398
		15.56984496458101	1.9120590686798096
		15.42331765176054	1.9194211959838867
		15.415700388733379	1.9070699214935303
		15.422023421594293	1.9206016063690186
		15.524833285396603	1.9013707637786865
		16.634056562862515	6.830322504043579
		16.656584054679712	7.024078369140625
		16.604755307035013	6.993808031082153
		16.771501950543314	7.094547271728516
		16.798086066611816	7.114000558853149
		16.667000528860296	6.995050668716431
		16.602583538792086	7.037433624267578
		16.67198143753549	7.083951950073242
		16.726177697336084	6.934890985488892
		16.607283970657573	7.18961238861084
	ImageNet
		10.723644067318876	0.4250187873840332
		10.274747450766291	0.41670870780944824
		10.52956418196396	0.4114241600036621
		12.345165717199832	0.44465208053588867
		12.615444016500184	0.41234517097473145
		11.577431401828196	0.41533708572387695
		11.128951122298513	0.4108316898345947
		12.40310884909204	0.4132099151611328
		11.913031260862843	0.4220147132873535
		10.34925031085954	0.41273045539855957
		15.574124572107117	1.005791425704956
		13.568103206037502	1.0032050609588623
		14.983173331732502	1.0191380977630615
		14.4913696498388	1.0080158710479736
		15.673872462599059	1.008854627609253
		15.991936878561683	1.0135469436645508
		13.721984689803556	1.0102043151855469
		14.49747925485173	1.0136754512786865
		15.3745342990296	1.0071723461151123
		13.328584450089366	1.009817361831665
		17.426097308933237	2.157531261444092
		16.78298191179999	2.1574816703796387
		17.438768844011452	2.157369613647461
		16.342912463198875	2.1662986278533936
		15.533065176500306	2.2056288719177246
		16.757574787916422	2.2472479343414307
		17.952396783841017	2.1913814544677734
		16.941392924726014	2.2079625129699707
		16.70412086303096	2.1515002250671387
		16.353094385597327	2.1672778129577637
		18.97109740597681	5.3717241287231445
		19.578408323122037	5.350073575973511
		19.05357806085413	5.405662536621094
		18.971564238790624	5.429617404937744
		19.658599781746272	5.439972877502441
		19.242510023391432	5.363639831542969
		19.80666537046231	5.352148056030273
		19.492355828880214	5.477216005325317
		18.74413287291124	5.377450466156006
		18.575037879364988	5.375904083251953
		22.113618085546964	15.277431011199951
		22.34066093486931	15.014887809753418
		21.834882923736814	15.428838729858398
		20.94959303763891	15.022372722625732
		21.63946545383744	15.178317308425903
		20.89464601315165	15.146647691726685
		22.187464709514412	15.060953378677368
		22.090007026579627	15.133095026016235
		21.255486610178462	15.086174726486206
		21.677917023974608	15.42699384689331
		0.0	65.75593519210815
		24.24990179101079	65.73127269744873
		24.85319896533155	65.65548872947693
		25.32534579050933	65.827871799469
		25.42945217247657	67.08318781852722
		24.202294127394236	65.90118622779846
		25.001214807766075	66.54577660560608
		24.431888337585292	65.93292188644409
		24.364635830206545	65.60596942901611
		24.56041512675739	66.04302215576172
		27.739578846984674	283.17327404022217
		0.0	278.5421631336212
		27.906178983516092	283.8911485671997
		27.338099093807514	284.2919285297394
		27.33162941708094	283.1995220184326
		27.357929078486308	283.6236152648926
		27.482417339182536	283.29397678375244
		0.0	283.7337923049927
		27.378699506746152	284.0769257545471
		27.041653725074383	282.770644903183
	Fake1kv1
		10.957273471313625	0.41683387756347656
		10.561216455706592	0.41265273094177246
		12.15310303150809	0.4138777256011963
		10.533367049225875	0.415252685546875
		10.483791061271923	0.4160189628601074
		11.207124724420472	0.4120955467224121
		12.107302865440783	0.41173839569091797
		10.661371288207205	0.4128758907318115
		10.385680501150189	0.4109525680541992
		10.738724419763136	0.41252827644348145
		12.954405360478303	1.0065279006958008
		13.733193384578763	1.0061371326446533
		14.787989832901816	1.0112528800964355
		14.026919807167356	1.0105319023132324
		13.30207210632007	1.0071196556091309
		13.990000557552035	1.0083034038543701
		14.625481151077622	1.0060491561889648
		15.007430696663418	1.0105762481689453
		14.35986303842644	1.009916067123413
		14.023811624824638	1.0156135559082031
		15.10350955585199	2.225517749786377
		16.343513613038972	2.1647145748138428
		15.324599343065529	2.168227434158325
		16.39165827946704	2.164095401763916
		15.608036878481057	2.1644866466522217
		15.990213775458727	2.165771007537842
		15.54500341613758	2.1661336421966553
		17.297019725189948	2.277367353439331
		16.153441653298316	2.2299463748931885
		15.59519780623521	2.1602189540863037
		18.787959838115093	5.322061061859131
		19.65697802190854	5.397824048995972
		18.17709427524557	5.397516250610352
		19.05889973982506	5.51591682434082
		18.675176718793544	5.437333583831787
		17.844178616406225	5.421282768249512
		18.938795404524384	5.377393960952759
		18.90480407108288	5.377145767211914
		17.524544819014086	5.492124557495117
		18.254987930810124	5.40102744102478
		21.08071076906549	15.152047157287598
		20.86681078108577	15.488194465637207
		20.269309016142227	15.365010023117065
		21.239962558131765	15.270267963409424
		21.651086860871015	15.164165019989014
		20.496135097368345	15.226034164428711
		21.0886550808916	15.26868462562561
		19.92060765448505	15.216527223587036
		21.10783200567665	15.31623911857605
		20.807802771439896	15.075844049453735
		23.820389755093622	65.9052996635437
		23.8126986424368	65.94845819473267
		23.990185358945375	67.1313955783844
		24.06422119345829	66.43202805519104
		23.475596933130227	65.38954544067383
		23.804422167310978	65.30998253822327
		23.367594864376585	66.45334935188293
		23.581681063648375	66.29923272132874
		24.4811142501385	68.0847098827362
		23.632238016534856	66.35893630981445
		26.26478695852894	278.80430483818054
		25.72790879357837	279.52135157585144
		26.06984880412966	279.15902733802795
		26.475227159907583	279.04698038101196
		26.108422444538196	278.34596991539
		25.835384290917062	277.9163980484009
		25.650030473386504	276.77445435523987
		25.67698880716964	275.1516344547272
		25.40083246474829	274.84681153297424
		25.5973169590662	274.6302511692047
MLE_20
	MNIST
		11.15152791427414	0.014504194259643555
		9.273685946139501	0.0053708553314208984
		9.122861575090349	0.005301475524902344
		11.247093268855972	0.005270957946777344
		10.547274532715834	0.005240201950073242
		10.682634058204968	0.005254030227661133
		10.14049207114992	0.005277872085571289
		10.12691528204704	0.005274772644042969
		9.090987547269327	0.005271434783935547
		11.479083658281732	0.005256175994873047
		9.783016831288897	0.014278173446655273
		10.425424496359907	0.013260126113891602
		9.556297022111442	0.01340627670288086
		8.959335157991108	0.013301372528076172
		9.341265937205797	0.013319253921508789
		9.198730940288057	0.01352381706237793
		9.773643123366737	0.013414859771728516
		8.78710994203236	0.01336669921875
		9.532030581833688	0.013395547866821289
		9.114521045775096	0.013426780700683594
		9.953677851254842	0.03086543083190918
		9.738642247851278	0.03001236915588379
		9.873124011247006	0.030696392059326172
		9.678449259747048	0.030687808990478516
		10.097187029024273	0.03056049346923828
		9.572716539156058	0.030737638473510742
		9.647918927282742	0.030509471893310547
		9.710066606945455	0.03036808967590332
		9.493575578047649	0.03078436851501465
		10.30316195168199	0.0304107666015625
		10.221719210453218	0.0725862979888916
		10.126663675096223	0.07440924644470215
		10.288002821899232	0.07474970817565918
		10.584524219164935	0.07470297813415527
		10.476771636600937	0.07423233985900879
		10.349265362678992	0.07514476776123047
		10.040743783718849	0.0779123306274414
		10.229445477430145	0.07624411582946777
		10.436401686892271	0.07534050941467285
		10.243744281434319	0.07373785972595215
		10.846570487943609	0.20589017868041992
		10.859507770034304	0.2032642364501953
		11.093069727380122	0.20691561698913574
		10.768436441689687	0.21326899528503418
		10.987823074608674	0.20675420761108398
		10.792257672694905	0.20593786239624023
		10.82750402769849	0.20579075813293457
		10.896406743282068	0.20833802223205566
		10.913159940400556	0.20794987678527832
		10.935087640930563	0.20769524574279785
		11.46916283534593	0.8190035820007324
		11.50020314976309	0.7880675792694092
		11.421346328135536	0.7993795871734619
		11.525991828206038	0.7756891250610352
		11.405711072042763	0.7895810604095459
		11.307284203916092	0.8130311965942383
		11.451126566509746	0.7824828624725342
		11.53836245744492	0.7998147010803223
		11.51926255951006	0.805875301361084
		11.54659005921125	0.8045439720153809
		11.84957239386369	3.008868455886841
		11.84957239386369	2.91137433052063
		11.84957239386369	2.909796953201294
		11.84957239386369	2.6802797317504883
		11.84957239386369	2.8666622638702393
		11.84957239386369	2.9540820121765137
		11.84957239386369	2.6968231201171875
		11.84957239386369	2.8575634956359863
		11.84957239386369	2.708920478820801
		11.84957239386369	2.8626482486724854
	CIFAR10
		9.77423406599082	0.006990909576416016
		9.769202793385444	0.0075225830078125
		10.108785575794561	0.007466793060302734
		9.206889014108057	0.007500171661376953
		9.084123223124283	0.00748443603515625
		9.353048340144511	0.007467985153198242
		9.535919294200465	0.007428646087646484
		9.886009923687823	0.0074574947357177734
		9.463399312035108	0.0074672698974609375
		9.424723881649811	0.007502555847167969
		12.815019593553004	0.02204585075378418
		12.308198825293104	0.022098302841186523
		12.33475563362228	0.021979331970214844
		12.670019090770115	0.022530317306518555
		12.643068826079446	0.02198028564453125
		12.97054207219685	0.021969079971313477
		12.789644394254115	0.02315974235534668
		13.130895413470235	0.024074554443359375
		12.930136547558197	0.024675846099853516
		12.943523604701378	0.0233304500579834
		14.527784443970313	0.05928444862365723
		15.072840816340257	0.05577540397644043
		14.732125786723213	0.05593299865722656
		14.642689415658234	0.054527997970581055
		14.713877859906312	0.054755449295043945
		15.238497447008326	0.055153846740722656
		14.725137655664074	0.055002450942993164
		15.589378296031134	0.055594682693481445
		14.489691470308395	0.054079294204711914
		14.557122731894905	0.05528736114501953
		16.67552038937081	0.14725923538208008
		17.177704487377426	0.14704132080078125
		16.850609122475163	0.14292693138122559
		17.022094510011204	0.1483154296875
		17.196834094653394	0.1449427604675293
		17.226588907959197	0.14397907257080078
		17.266862097479827	0.14689874649047852
		16.61971520836905	0.14821553230285645
		16.617499998366746	0.14752960205078125
		17.311175322382265	0.14341282844543457
		18.90911693434047	0.4385964870452881
		19.63002347661738	0.4626903533935547
		19.091756310135946	0.43671655654907227
		18.93097172805114	0.44441938400268555
		19.40715195481504	0.43799400329589844
		19.405077989127165	0.4443700313568115
		19.394179359673963	0.4411044120788574
		19.36085003749038	0.43602609634399414
		19.360316906551557	0.4415130615234375
		19.36453202331603	0.4427030086517334
		21.847884492853524	1.9338607788085938
		22.08434315846132	1.8939573764801025
		21.893144118435345	1.9805290699005127
		21.932707412209954	1.910632848739624
		21.959660755515632	1.8956964015960693
		21.907136982594842	1.9027941226959229
		22.14406825496714	1.911292314529419
		22.131940964836858	1.956646203994751
		21.929761380149728	1.970639705657959
		21.86091427286052	1.8203563690185547
		24.232910687770396	6.975360870361328
		24.232910687770396	7.023507595062256
		24.232910687770396	7.051474094390869
		24.232910687770396	7.097059726715088
		24.232910687770396	7.049614191055298
		24.2329106877704	6.755502700805664
		24.2329106877704	6.7186667919158936
		24.2329106877704	7.148789644241333
		24.232910687770396	6.910157680511475
		24.232910687770396	7.052735090255737
	CIFAR100
		8.84401135474281	0.007087230682373047
		9.112797259562887	0.007560253143310547
		8.646992301755892	0.0074498653411865234
		9.07912149306739	0.007476091384887695
		8.553902050005782	0.007387399673461914
		8.402979002454957	0.007462024688720703
		9.265449620630978	0.0074462890625
		8.730055182099177	0.007461071014404297
		9.458924886752929	0.0074536800384521484
		9.378310262917875	0.007440328598022461
		11.899267215332085	0.022304773330688477
		11.510579714897704	0.02211737632751465
		12.206754998956432	0.022165298461914062
		12.145625131145612	0.022182226181030273
		12.022829761980905	0.022373676300048828
		11.739284863011347	0.022025108337402344
		11.56054916784701	0.022182226181030273
		12.27424372210006	0.022355318069458008
		10.92065033532573	0.022119760513305664
		12.632043450085757	0.02182459831237793
		13.497313381452816	0.05338859558105469
		13.693694939035648	0.05269479751586914
		13.18956387543463	0.053658246994018555
		13.593829309167969	0.05320882797241211
		13.809833074412104	0.05339550971984863
		13.892680929056532	0.05347108840942383
		13.590576483646405	0.05303001403808594
		14.470603334228358	0.05296826362609863
		13.673567288123847	0.05283665657043457
		13.389434113299973	0.05411887168884277
		14.996079383568183	0.1425614356994629
		15.52096125297339	0.1416943073272705
		16.463354722812074	0.14280462265014648
		15.863782271060728	0.1433427333831787
		15.562974966097483	0.14035415649414062
		15.238986398027361	0.14394640922546387
		15.869978244589017	0.14194297790527344
		15.638488536603727	0.1387014389038086
		15.627221942270834	0.1440579891204834
		15.790565677540629	0.14406776428222656
		17.217263189474767	0.4494669437408447
		17.663140935566453	0.4597001075744629
		17.733759581417946	0.45600318908691406
		17.1411318127585	0.4526369571685791
		17.635352655138103	0.4413414001464844
		17.649853159487716	0.4466831684112549
		17.242911029610436	0.4333040714263916
		17.817181616810892	0.44526243209838867
		17.6976077156856	0.4373207092285156
		17.354288593179128	0.44278407096862793
		19.85492788352557	1.9829866886138916
		19.947961210671636	1.902463436126709
		19.854042266048005	1.914201021194458
		19.706713288945387	1.8700854778289795
		19.655057778466443	1.9651079177856445
		19.522689724129343	1.9119384288787842
		19.865268451328067	1.928880214691162
		19.757773160448085	1.9071950912475586
		19.97325644554981	1.960630178451538
		19.745013443036623	1.947286605834961
		21.272020288682658	6.944115161895752
		21.272020288682658	7.210515022277832
		21.272020288682658	6.950674057006836
		21.272020288682658	7.096566677093506
		21.27202028868266	7.0383384227752686
		21.272020288682658	7.107852935791016
		21.272020288682658	7.0550761222839355
		21.272020288682658	6.9790358543396
		21.272020288682658	7.095996618270874
		21.272020288682658	7.18042778968811
	SVHN
		6.027384274277653	0.007060050964355469
		5.838083712439047	0.0075511932373046875
		5.695479381350076	0.007485866546630859
		6.159579276396065	0.007447957992553711
		5.52508534005758	0.0075817108154296875
		5.978736437901761	0.0073757171630859375
		6.558750550129794	0.007433176040649414
		6.0539834320562	0.007479190826416016
		6.412049582677374	0.007521867752075195
		5.75563744278235	0.007496833801269531
		8.463688033940894	0.0220184326171875
		8.70302961376368	0.022168636322021484
		8.614363532430398	0.022267580032348633
		8.624324995962965	0.02211308479309082
		8.413570950763479	0.022006750106811523
		8.485103779865627	0.021845579147338867
		8.199962150604382	0.022030353546142578
		8.435702872185775	0.021960020065307617
		8.457032546167602	0.022008419036865234
		8.429565267369421	0.021895408630371094
		10.42695479298927	0.05323505401611328
		10.812052916407575	0.05321240425109863
		10.082032694277222	0.05335116386413574
		10.177523909604988	0.052971601486206055
		10.16534158403785	0.05367255210876465
		10.396115137696405	0.053823232650756836
		10.218262417937849	0.052904605865478516
		10.662108896197699	0.05313611030578613
		10.649670961013882	0.053769826889038086
		10.772593339591804	0.05365133285522461
		12.18612807916392	0.14282727241516113
		11.827360689020194	0.14378905296325684
		12.306937746723426	0.14239192008972168
		12.228420526927154	0.14368271827697754
		12.083043797710474	0.14223980903625488
		12.18337790252294	0.14125919342041016
		12.053341547455899	0.14270448684692383
		12.305848074477387	0.1423015594482422
		12.099923031924549	0.1409447193145752
		12.059119514000843	0.1398782730102539
		13.661998753687786	0.4356095790863037
		13.83275170191275	0.443131685256958
		13.829909627344808	0.4386568069458008
		13.920658017332428	0.4429755210876465
		13.660629063827553	0.43935465812683105
		13.890398222244755	0.4442920684814453
		13.880852703009824	0.43532800674438477
		13.713136468856518	0.4427957534790039
		13.613497478899873	0.4377727508544922
		13.663526677451436	0.44173693656921387
		15.565694145496703	1.881493330001831
		15.771245041869603	1.921079397201538
		15.445504113555712	1.9214277267456055
		15.41474750877501	1.9580953121185303
		15.429068958036328	1.951094150543213
		15.56829061725669	1.943253517150879
		15.568173977499686	1.8655149936676025
		15.384140277800643	1.9931666851043701
		15.526479774930047	1.942322015762329
		15.409538311963884	1.9245858192443848
		16.58984526513093	6.879310369491577
		16.663751262761753	6.8754777908325195
		16.703771161808653	7.003432512283325
		16.64498981440521	6.936661958694458
		16.74982882373125	7.084146499633789
		16.657805207936946	6.926319599151611
		16.646017249088345	7.027502775192261
		16.67734514968482	7.109903335571289
		16.68381253096398	6.961000442504883
		16.701394907279465	7.103081703186035
	ImageNet
		10.297338058302039	0.41407036781311035
		10.350336554022348	0.4124438762664795
		12.671035974137695	0.4111144542694092
		11.751174789370564	0.43196773529052734
		10.149941654706504	0.4111297130584717
		11.738675276570916	0.41318392753601074
		10.571785862651376	0.44274210929870605
		11.585028496007297	0.41280603408813477
		12.535478243498703	0.41112494468688965
		12.814059355565272	0.41202545166015625
		14.176478597856669	1.0038082599639893
		14.47039100796001	1.007664442062378
		15.780402684301844	1.0075221061706543
